2

1536 1180

1779.341463335226 0 997.7941010480769
0 1727.078359260442 593.0037729629455
0 0 1

-0.004669651293035391 -0.3273223874753532 -0.000442398027804555 0.04525454856604197 2.876858563451869

1 0 0
0 1 0
0 0 1

0 0 0

1536 1180

1822.917150825528 0 355.9201880119356
0 1727.682671840952 611.3254463108925
0 0 1

-0.03319414876564102 -0.03170458736521495 0.001347703176796403 -0.06105331989563575 0.203920225605913

0.9730078836372915 -0.03599239530365698 0.2279478138960414
0.03559667908339454 0.9993491247812598 0.005848353372009759
-0.2280099445592513 0.002423691241756488 0.97365578666326

-0.04427918537103508 -0.0006980751980427914 0.002251579543708204

0.983770166095047 -0.02033179565442478 0.1782775319180477
0.02025725320331116 0.9997922946206355 0.0022385955108905
-0.1782860173821288 0.001409149626956902 0.9839776980721403

0.9985858909915764 0.01574301870676871 -0.05077770844138219
-0.0157641694689726 0.9998757376311735 -1.604587858510496e-05
0.05077114607248095 0.0008164915890796749 0.9987099799581316

1709.662239446564 0 515.622989654541
0 1709.662239446564 605.7817726135254
0 0 1

1 0 0 -515.622989654541
0 1 0 -605.7817726135254
0 0 0 1709.662239446564
0 0 22.55203844930703 -0
