2

1536 1180

1809.365475786244 0 461.0129038389816
0 1741.446770940543 606.1538677927556
0 0 1

-0.01509761645311465 -0.1746173947676462 0.0009019716106240612 -0.05000649529104867 0.5598175651220522

1 0 0
0 1 0
0 0 1

0 0 0

1536 1180

1815.449965621413 0 1100.543309904054
0 1741.163482170723 611.6870442928348
0 0 1

-0.03481817194119036 0.3976012465054299 -0.0001711901999348023 0.05983606150209236 -1.6395254202929

0.9655865157912531 0.03539710494116222 -0.2576620373355228
-0.03708988198687822 0.9993104692876812 -0.00171073850536383
0.2574238162569801 0.01120852059009736 0.966233588678159

0.04237799581293523 -0.001734670546875932 0.006079696801537617

0.9930452119296769 -0.003857250806211996 -0.117670423980545
0.003316994197305913 0.9999830420907989 -0.00478676094311542
0.1176868922736865 0.004363157921674748 0.9930411664376821

0.9890537318757535 -0.04048521750617606 0.1418931380515732
0.03983271612698821 0.9991786850444114 0.007437074617584748
-0.1420776906786986 -0.001703677316384783 0.9898540434301462

1722.407748183553 0 793.1813278198242
0 1722.407748183553 615.8425827026367
0 0 1

1 0 0 -793.1813278198242
0 1 0 -615.8425827026367
0 0 0 1722.407748183553
0 0 -23.33885104528373 0
