2

1536 1180

1456.025555107509 0 763.0542386308285
0 1456.751794587425 607.2845647242549
0 0 1

-0.1101507177055818 0.2493239215918669 0.003250549896865703 -0.0002142080621633037 -0.7600246398638768

1 0 0
0 1 0
0 0 1

0 0 0

1536 1180

1452.304179689325 0 759.6891223340209
0 1452.892665620034 610.7363501371585
0 0 1

-0.1402669301968488 0.2868847335097333 0.000257798162051321 0.001433792928307933 -0.3999397252053415

0.9966942511509276 0.03527251421071492 -0.07318756358799355
-0.03540612963487562 0.9993728665968861 -0.0005286721110332501
0.07312301762762577 0.00311821281786787 0.9973180541040317

0.0460565001154386 -0.001244369811116741 0.001367951057478544

0.9990177641118559 0.008357008402674473 -0.04351628889859181
-0.008406801906529988 0.9999642000846291 -0.0009613692382976261
0.04350669684832946 0.00132625776740778 0.9990522550746193

0.9991948861464619 -0.02699657917181598 0.02967767194000912
0.02696260059914704 0.9996352497000599 0.001544579564095205
-0.02970854536475675 -0.0007431487864593051 0.9995583274937944

1362.342466454561 0 772.7020721435547
0 1362.342466454561 620.4644622802734
0 0 1

1 0 0 -772.7020721435547
0 1 0 -620.4644622802734
0 0 0 1362.342466454561
0 0 -21.6949808092674 0
